DATE,"GENERATION
(Megawatthours)",Coal (Short Tons),Natural Gas (Mcf),Other Gases (Billion BTU),Petroleum (Barrels),internet_search,AverageTemperature,Precipitation,covid,PRICE(Cents/kWh.5)
2001-01-01,7117068.0,1394053.0,1744687.0,0.0,1019395.0,46.0,34.3,2.27,0,5.86
2001-02-01,5894142.0,1225213.0,809796.0,0.0,525230.0,46.0,41.2,2.01,0,6.03
2001-03-01,6358233.0,1312509.0,732833.0,0.0,1170501.0,46.0,42.0,4.45,0,6.06
2001-04-01,6108458.0,1142288.0,1217777.0,0.0,1085490.0,46.0,56.6,1.64,0,6.05
2001-05-01,5592002.0,1129454.0,1012305.0,0.0,400489.0,46.0,63.0,4.88,0,6.17
2001-06-01,6500503.0,1243171.0,3292268.0,0.0,709766.0,46.0,71.5,4.62,0,6.47
2001-07-01,6949851.0,1358712.0,4718582.0,0.0,706018.0,46.0,71.9,5.21,0,6.41
2001-08-01,7732727.0,1502830.0,6954561.0,0.0,1194444.0,46.0,75.0,3.84,0,6.57
2001-09-01,5736863.0,1209806.0,5937577.0,0.0,216865.0,46.0,64.8,2.2,0,6.22
2001-10-01,5416467.0,1189540.0,4194421.0,0.0,147113.0,46.0,55.2,0.89,0,6.1
2001-11-01,4875441.0,1267825.0,2654627.0,0.0,590113.0,46.0,51.2,0.59,0,6.11
2001-12-01,5822993.0,1230777.0,2014053.0,0.0,548212.0,46.0,43.4,2.28,0,6.07
2002-01-01,6599320.0,1315145.0,2354112.0,0.0,529326.0,46.0,39.2,2.99,0,6.1
2002-02-01,5827870.0,1217512.0,1260347.0,0.0,398463.0,46.0,40.5,0.9,0,6.13
2002-03-01,5834566.0,1161481.0,1460760.0,0.0,352407.0,46.0,46.3,4.39,0,6.06
2002-04-01,5595054.0,1088632.0,3319157.0,0.0,536676.0,46.0,57.7,3.2,0,6.1
2002-05-01,5844203.0,1133363.0,2247302.0,0.0,166345.0,46.0,62.0,3.52,0,6.26
2002-06-01,6549836.0,1288311.0,3895712.0,0.0,712420.0,46.0,72.9,2.54,0,6.39
2002-07-01,7647595.0,1496364.0,7251124.0,0.0,1034572.0,46.0,76.6,3.97,0,6.61
2002-08-01,7847456.0,1506845.0,7628505.0,0.0,966083.0,46.0,75.8,2.98,0,6.54
2002-09-01,6046024.0,1357092.0,4723743.0,0.0,149762.0,46.0,69.4,3.49,0,6.22
2002-10-01,5376065.0,1236178.0,2261718.0,0.0,81414.0,46.0,57.5,5.74,0,6.03
2002-11-01,5310784.0,1245727.0,933088.0,0.0,336321.0,46.0,44.8,4.8,0,6.11
2002-12-01,6526879.0,1522719.0,2294427.0,0.0,620368.0,46.0,36.0,4.1,0,6.0
2003-01-01,7232320.0,1580492.0,3308643.0,0.0,1792966.0,46.0,31.1,2.19,0,6.08
2003-02-01,6192659.0,1319096.0,1092478.0,0.0,853439.0,46.0,34.8,6.1,0,6.1
2003-03-01,5642444.0,1152633.0,2689658.0,0.0,607177.0,46.0,48.0,4.33,0,6.17
2003-04-01,4903213.0,829242.0,3424086.0,0.0,603591.0,46.0,54.7,4.79,0,6.1
2003-05-01,5181811.0,1064072.0,2326548.0,0.0,187970.0,46.0,61.7,7.22,0,6.34
2003-06-01,6128536.0,1226875.0,2576680.0,0.0,1055741.0,46.0,68.9,6.49,0,6.47
2003-07-01,7565696.0,1399902.0,5619723.0,0.0,1087013.0,46.0,74.5,6.15,0,6.6
2003-08-01,8033795.0,1485075.0,7153686.0,30.0,1274830.0,46.0,75.5,5.29,0,6.52
2003-09-01,5956786.0,1273430.0,2437614.0,0.0,426819.0,46.0,66.7,8.15,0,6.35
2003-10-01,5474527.0,1233348.0,1788902.0,0.0,264668.0,46.0,55.2,2.66,0,6.21
2003-11-01,5617124.0,1219113.0,3622750.0,0.0,59521.0,46.0,51.5,4.35,0,6.1
2003-12-01,7380509.0,1450417.0,2376170.0,0.0,1097357.0,46.0,36.8,4.17,0,6.11
2004-01-01,7620639.0,1284017.71,3609101.91,0.0,1623250.22,43.0,32.1,1.95,0,6.33
2004-02-01,6554590.0,1170778.6,4382377.47,0.0,768188.82,43.0,36.3,2.38,0,6.23
2004-03-01,6071504.0,1049762.58,1648577.94,0.0,594710.14,42.0,47.8,2.17,0,6.27
2004-04-01,5842878.0,963720.4,2863459.94,0.0,479555.36,46.0,55.4,4.13,0,6.28
2004-05-01,6494994.0,1107632.82,7861786.38,0.0,1295392.73,42.0,68.9,4.4,0,6.48
2004-06-01,6742736.0,1235313.07,5371357.95,0.0,509322.96,43.0,70.8,5.36,0,6.61
2004-07-01,7839799.0,1362573.0,6909006.68,0.0,1169599.29,29.0,74.6,5.81,0,6.76
2004-08-01,7501908.0,1298623.67,7469739.87,0.0,734468.8,37.0,71.8,6.03,0,6.69
2004-09-01,6222997.0,1272435.43,4552806.48,0.0,282473.29,42.0,67.9,7.25,0,6.54
2004-10-01,5660038.0,1100681.88,1213797.97,0.0,30061.18,40.0,57.3,2.35,0,6.28
2004-11-01,5495244.0,1179575.23,2388394.13,0.0,27546.69,34.0,49.5,4.21,0,6.32
2004-12-01,6852714.0,1303841.82,2157891.75,0.0,716981.58,41.0,38.2,2.9,0,6.28
2005-01-01,7352828.0,1310484.59,3668397.74,0.0,1100780.18,30.0,37.7,3.09,0,6.48
2005-02-01,6345950.0,1242278.35,3356188.47,0.0,657236.6,38.0,39.3,1.82,0,6.43
2005-03-01,6880890.0,1311608.21,3998364.21,0.0,300461.64,41.0,41.8,3.8,0,6.41
2005-04-01,5694572.0,1041768.6,3531527.11,0.0,32296.59,35.0,55.0,3.1,0,6.55
2005-05-01,4759872.0,859135.27,1141337.28,0.0,41787.06,35.0,59.8,3.15,0,6.5
2005-06-01,6642102.0,1146376.37,8171229.49,0.0,527808.46,37.0,71.8,2.47,0,6.73
2005-07-01,8157135.0,1406695.11,13138823.3,0.0,883753.93,33.0,77.1,5.65,0,6.95
2005-08-01,8344747.0,1470682.37,15027153.5,0.0,1059133.94,42.0,76.3,3.37,0,6.97
2005-09-01,6920626.0,1151908.1,8243927.73,0.0,790450.04,33.0,70.4,0.71,0,6.92
2005-10-01,5159798.0,1095022.73,2817602.96,0.0,479404.91,36.0,58.2,5.54,0,6.52
2005-11-01,5475055.0,1071130.66,1459431.62,0.0,35056.38,41.0,48.7,3.66,0,6.53
2005-12-01,7209470.0,1288390.5,3950428.08,0.0,1029457.17,40.0,35.1,3.47,0,6.47
2006-01-01,6035315.0,1216107.97,886896.07,0.0,31259.99,41.0,42.4,3.1,0,6.6
2006-02-01,5782124.0,1137317.72,3471615.5,0.0,60587.96,35.0,37.4,1.65,0,6.57
2006-03-01,6101973.0,1309486.25,2782041.42,0.0,27221.93,34.0,46.1,0.7,0,6.66
2006-04-01,5196124.0,1066922.37,1511917.84,0.0,25264.87,39.0,58.0,3.49,0,6.66
2006-05-01,5273945.0,1066443.08,2251828.61,0.0,29396.63,38.0,61.1,2.55,0,6.84
2006-06-01,6672028.0,1168753.84,7885803.47,0.0,166676.12,35.0,70.7,7.06,0,7.08
2006-07-01,8310211.0,1347800.8,16712037.5,0.0,380534.54,38.0,75.9,4.11,0,7.17
2006-08-01,8369384.0,1386255.5,16054449.2,0.0,456810.02,36.0,76.5,3.22,0,7.26
2006-09-01,5228053.0,906610.16,2161009.02,0.0,33441.23,35.0,64.8,6.91,0,6.99
2006-10-01,5100749.0,962551.08,2668948.99,0.0,45191.77,35.0,54.2,6.23,0,6.79
2006-11-01,5188779.0,1088776.02,2372826.27,0.0,36319.47,37.0,48.7,5.28,0,6.9
2006-12-01,5810851.0,1078427.16,2249498.07,0.0,88233.27,37.0,43.1,1.9,0,6.59
2007-01-01,6394952.0,1103519.0,4432448.0,0.0,308477.0,35.0,39.9,3.19,0,6.83
2007-02-01,7006196.0,1227548.0,5156941.0,0.0,1179538.0,35.0,31.9,2.15,0,6.84
2007-03-01,6082009.0,1073204.0,4803217.0,0.0,350013.0,31.0,49.2,3.29,0,6.89
2007-04-01,5310860.0,983383.0,3812261.0,0.0,245604.0,37.0,53.4,3.72,0,6.85
2007-05-01,6136069.0,1190327.0,3843446.0,0.0,51828.0,33.0,64.4,2.16,0,6.97
2007-06-01,6942849.0,1295048.0,7951242.0,0.0,307681.0,36.0,71.9,3.77,0,7.3
2007-07-01,7558669.0,1368310.0,13072747.0,0.0,179696.0,42.0,73.8,3.09,0,7.43
2007-08-01,8645598.0,1530892.0,18459051.0,0.0,547791.0,34.0,77.5,3.17,0,7.55
2007-09-01,6414779.0,1226596.0,10001335.0,0.0,39005.0,31.0,69.4,1.54,0,7.39
2007-10-01,6127917.0,1141722.0,8891698.0,0.0,119909.0,32.0,62.5,4.71,0,7.1
2007-11-01,5359116.0,1086710.0,4135575.0,0.0,22554.0,38.0,46.2,1.05,0,7.08
2007-12-01,6381493.0,1202852.0,6098153.0,0.0,56258.0,36.0,41.5,3.35,0,7.04
2008-01-01,6688002.0,1308137.0,5023178.0,0.0,350018.0,32.0,36.0,1.42,0,7.09
2008-02-01,6100967.0,1202908.0,4326274.0,0.0,137323.0,30.0,40.3,2.71,0,7.08
2008-03-01,5721583.0,1086731.0,2129644.0,0.0,17870.0,32.0,46.8,3.23,0,7.11
2008-04-01,4943865.0,855982.0,2541349.0,0.0,40560.0,32.0,55.9,5.61,0,7.18
2008-05-01,4955458.0,995826.0,1339101.0,0.0,31991.0,32.0,61.3,4.23,0,7.3
2008-06-01,7196972.0,1217240.0,12180779.0,0.0,359081.0,33.0,74.0,3.01,0,7.69
2008-07-01,7791574.0,1296044.0,15637226.0,0.0,186159.0,29.0,74.6,4.05,0,8.92
2008-08-01,6875119.0,1069112.0,11535051.0,0.0,68803.0,27.0,72.3,3.66,0,8.93
2008-09-01,5837612.0,969840.0,8978471.0,0.0,90916.0,31.0,68.2,4.34,0,8.66
2008-10-01,4716752.0,836472.0,5029705.0,0.0,41768.0,32.0,54.8,1.49,0,8.48
2008-11-01,5429552.0,936324.0,3598161.0,0.0,375269.0,32.0,44.1,2.89,0,8.56
2008-12-01,6421075.0,1135850.0,5019524.0,0.0,341706.0,34.0,40.2,4.0,0,8.73
2009-01-01,7627407.0,1327583.0,7775737.0,0.0,803780.0,27.0,32.6,2.92,0,8.91
2009-02-01,6057872.0,1035652.0,5914452.0,0.0,288684.0,27.0,38.9,0.94,0,8.98
2009-03-01,5435745.0,838491.0,7278717.0,0.0,256769.0,28.0,45.1,4.01,0,8.94
2009-04-01,4949909.0,713419.0,5297415.0,0.0,21208.0,25.0,55.4,3.12,0,8.87
2009-05-01,4974866.0,729231.0,4455065.0,0.0,51922.0,26.0,64.1,6.13,0,9.09
2009-06-01,5970304.0,899720.0,7929520.0,0.0,43561.0,24.0,71.6,5.2,0,9.23
2009-07-01,6435102.0,929985.0,11437258.0,0.0,77348.0,25.0,71.9,4.07,0,8.92
2009-08-01,7220897.0,989700.0,16702168.0,0.0,153363.0,24.0,75.2,4.19,0,8.99
2009-09-01,5816232.0,648117.0,12157538.0,0.0,15662.0,23.0,66.6,3.72,0,9.06
2009-10-01,4612589.0,566921.0,4712808.0,0.0,24665.0,24.0,55.3,3.12,0,8.69
2009-11-01,4495810.0,696073.0,4300319.0,0.0,30676.0,25.0,49.5,6.68,0,8.73
2009-12-01,6485334.0,1096837.0,6914608.0,0.0,33898.0,28.0,35.7,7.15,0,8.75
2010-01-01,6909418.0,1132075.0,8532545.0,0.0,206266.0,25.0,32.7,4.18,0,8.79
2010-02-01,6412893.0,1016024.0,9027337.0,0.0,103967.0,23.0,31.9,2.96,0,8.89
2010-03-01,5425590.0,908909.0,3800217.0,0.0,24145.0,24.0,47.4,4.61,0,8.54
2010-04-01,4353117.0,691724.0,3963099.0,0.0,24605.0,24.0,58.6,1.73,0,8.52
2010-05-01,5765157.0,865637.0,8158508.0,0.0,71197.0,23.0,66.2,4.25,0,8.56
2010-06-01,7314895.0,1200731.0,16024148.0,0.0,311869.0,26.0,76.0,2.53,0,8.81
2010-07-01,8150908.0,1215459.0,21515779.0,0.0,434313.0,24.0,77.9,2.82,0,8.99
2010-08-01,7417597.0,1023372.0,18073096.0,0.0,243336.0,24.0,76.0,4.56,0,8.9
2010-09-01,5484223.0,641573.0,13288618.0,0.0,188183.0,25.0,70.0,5.36,0,8.54
2010-10-01,4214713.0,457205.0,13505713.0,0.0,39876.0,24.0,58.0,3.79,0,8.58
2010-11-01,4447356.0,481103.0,9652902.0,0.0,81505.0,29.0,46.3,2.0,0,8.43
2010-12-01,7070589.0,959588.0,13356200.0,0.0,502460.0,29.0,30.1,2.95,0,8.57
2011-01-01,7149283.76,1125869.0,11180501.0,0.0,153181.0,44.0,32.1,1.58,0,8.44
2011-02-01,5347526.07,717398.0,10347329.0,0.0,19259.0,45.0,40.9,1.68,0,8.37
2011-03-01,5690657.77,671820.0,8235682.0,0.0,46557.0,44.0,46.0,5.28,0,8.47
2011-04-01,4534733.78,622633.0,4999523.0,0.0,16227.0,46.0,58.2,4.75,0,8.45
2011-05-01,4896325.44,745941.0,6590244.0,0.0,94461.0,46.0,64.8,4.33,0,8.58
2011-06-01,5872822.49,825730.0,13239157.0,0.0,105618.0,43.0,73.4,3.28,0,9.03
2011-07-01,7869008.36,997613.0,21537621.0,0.0,193378.0,44.0,77.8,4.16,0,9.3
2011-08-01,6517352.76,809228.0,16722406.0,0.0,124150.0,46.0,74.9,5.14,0,9.46
2011-09-01,4905828.86,690050.0,14141695.0,0.0,19360.0,47.0,68.2,6.83,0,9.05
2011-10-01,3961445.9,369379.0,12303996.0,0.0,37195.0,43.0,55.5,3.78,0,8.85
2011-11-01,4050070.59,427211.0,8633411.0,0.0,30734.0,46.0,49.4,3.86,0,8.94
2011-12-01,5864049.29,410988.0,14014824.0,0.0,27045.0,47.0,42.6,3.63,0,8.96
2012-01-01,6585346.33,589579.0,16277360.0,0.0,30687.0,45.0,38.9,2.26,0,9.0
2012-02-01,6217297.86,510551.0,16031593.0,0.0,42516.0,47.0,41.8,2.54,0,9.16
2012-03-01,5328820.12,341733.0,15506844.0,0.0,15260.0,45.0,55.2,3.87,0,9.12
2012-04-01,3648251.57,217590.0,8828139.0,0.0,16259.0,46.0,55.6,3.04,0,8.91
2012-05-01,5350813.15,424905.0,15188027.0,0.0,36916.0,46.0,67.3,4.14,0,9.22
2012-06-01,6550406.61,613939.0,18426643.0,0.0,97934.0,44.0,70.2,2.85,0,9.41
2012-07-01,8437129.02,1063831.0,25233240.0,0.0,248603.0,47.0,78.7,4.63,0,9.37
2012-08-01,7009730.44,720471.0,20001899.0,0.0,24671.0,47.0,74.0,4.74,0,9.18
2012-09-01,5785465.36,302238.0,17171458.0,0.0,37647.0,46.0,66.9,4.14,0,8.97
2012-10-01,4842927.62,300335.0,12465235.0,0.0,35293.0,47.0,56.4,4.09,0,8.71
2012-11-01,5070749.27,586942.0,11338325.0,0.0,22527.0,53.0,42.7,0.67,0,8.81
2012-12-01,5912297.59,540661.0,13291519.0,0.0,15903.0,51.0,42.9,3.08,0,8.87
2013-01-01,6362608.37,637737.0,13894393.0,0.0,94027.0,45.0,38.5,5.95,0,8.66
2013-02-01,6354331.22,752766.0,13920618.0,0.0,13080.0,50.0,36.8,2.27,0,8.78
2013-03-01,6577886.0,1020501.0,9691303.0,0.0,20445.0,48.0,40.1,3.7,0,8.77
2013-04-01,5170045.82,451317.0,13498330.0,0.0,15538.0,51.0,56.0,3.56,0,8.71
2013-05-01,5536823.67,616225.0,12650944.0,0.0,27766.0,49.0,62.5,4.37,0,8.8
2013-06-01,6646405.96,950589.0,12405085.0,0.0,65803.0,51.0,72.2,7.02,0,9.15
2013-07-01,8163757.5,1090843.0,21597420.0,0.0,110479.0,51.0,75.6,6.46,0,9.31
2013-08-01,7543614.39,910926.0,19992460.0,0.0,97969.0,49.0,71.8,4.47,0,9.26
2013-09-01,5965172.15,741197.0,15851030.0,0.0,41034.0,50.0,66.3,1.64,0,9.2
2013-10-01,5468676.24,643404.0,11859287.0,0.0,20082.0,50.0,57.6,3.09,0,8.89
2013-11-01,6149734.3,824300.0,13699260.0,0.0,21085.0,53.0,43.7,3.03,0,9.01
2013-12-01,6957509.44,914861.0,12941790.0,0.0,15084.0,53.0,40.3,5.81,0,8.85
2014-01-01,8320536.93,1149017.0,13521910.0,0.0,1216421.0,48.0,29.4,2.69,0,8.82
2014-02-01,6987720.53,1017093.0,13572419.0,0.0,124528.0,49.0,37.0,3.36,0,8.78
2014-03-01,6559448.31,773510.0,12682441.0,0.0,186564.0,48.0,40.7,3.29,0,8.87
2014-04-01,5109368.89,419862.0,10107377.0,0.0,20566.0,44.0,55.0,4.73,0,8.86
2014-05-01,5859306.51,564667.0,15368852.0,0.0,29867.0,46.0,65.2,4.35,0,8.85
2014-06-01,6839942.01,834355.0,16044829.0,0.0,26278.0,47.0,72.5,3.49,0,9.26
2014-07-01,7069198.92,820764.0,17090904.0,0.0,158426.0,61.0,73.4,3.82,0,9.71
2014-08-01,7043398.29,897266.0,15655179.0,0.0,88180.0,64.0,71.3,4.69,0,9.51
2014-09-01,5810961.32,627105.0,15160318.0,0.0,34593.0,70.0,68.1,2.97,0,9.51
2014-10-01,5170398.2,604348.0,7634598.0,0.0,51351.0,80.0,57.8,4.02,0,9.14
2014-11-01,6197301.99,795721.0,10353016.0,0.0,99971.0,74.0,42.1,3.13,0,9.39
2014-12-01,6355380.86,779916.0,12151475.0,0.0,47959.0,77.0,40.8,3.21,0,9.35
2015-01-01,7697302.0,869227.0,17790748.0,0.0,166892.0,87.0,33.8,2.59,0,9.47
2015-02-01,7968046.0,919436.0,17758990.0,0.0,989595.0,86.0,28.9,2.66,0,9.54
2015-03-01,6564592.0,635546.0,18299199.0,0.0,54413.0,89.0,44.2,3.75,0,9.46
2015-04-01,4893821.0,219388.0,12853693.0,0.0,11767.0,90.0,55.9,4.51,0,9.01
2015-05-01,6503572.0,387393.0,22205579.0,0.0,74708.0,91.0,67.1,2.15,0,9.14
2015-06-01,8139282.0,696835.0,26406112.0,0.0,69718.0,87.0,73.7,6.95,0,9.45
2015-07-01,8408764.0,814018.0,29240268.0,0.0,236321.0,52.0,75.3,5.05,0,9.5
2015-08-01,8527513.0,811442.0,26387380.0,0.0,116535.0,55.0,73.2,2.65,0,9.41
2015-09-01,7343041.0,653294.0,22205183.0,0.0,22255.0,50.0,69.3,5.73,0,9.33
2015-10-01,5298771.0,537022.0,11837021.0,0.0,24103.0,52.0,56.3,4.58,0,8.96
2015-11-01,5556921.0,509719.0,16676278.0,0.0,77430.0,52.0,51.1,3.92,0,9.16
2015-12-01,7509969.0,533388.0,23099065.0,0.0,62979.0,55.0,49.6,5.22,0,9.01
2016-01-01,8305867.0,669875.0,23590330.0,0.0,323011.0,54.0,33.1,2.93,0,9.03
2016-02-01,8097309.0,738148.0,23217612.0,0.0,103023.0,55.0,38.4,4.71,0,9.21
2016-03-01,6936916.0,676221.0,20690784.0,0.0,52270.0,52.0,51.8,2.05,0,9.01
2016-04-01,5145355.0,408318.0,13822683.0,0.0,20724.0,55.0,55.1,2.34,0,9.11
2016-05-01,7478224.0,549420.0,22131481.0,0.0,47135.0,53.0,61.9,6.92,0,9.14
2016-06-01,8677300.0,716938.0,29467192.0,0.0,79991.0,56.0,71.8,5.04,0,9.52
2016-07-01,9824897.0,807485.0,37181299.0,0.0,126127.0,55.0,77.3,4.82,0,9.29
2016-08-01,9868740.0,784810.0,38585659.0,0.0,110527.0,50.0,77.0,3.23,0,9.27
2016-09-01,7885530.0,681140.0,28444093.0,0.0,60111.0,53.0,71.8,5.27,0,9.08
2016-10-01,5867964.0,450887.0,18397981.0,0.0,19982.0,52.0,59.8,3.52,0,8.61
2016-11-01,6531886.0,298232.0,21269975.0,0.0,21193.0,57.0,48.3,1.37,0,8.89
2016-12-01,7934888.0,739000.0,21303251.0,0.0,22661.0,58.0,39.1,3.21,0,8.83
2017-01-01,8030533.0,659768.0,22979094.0,0.0,91544.0,55.0,40.1,3.96,0,8.89
2017-02-01,6736178.0,292955.0,22595411.0,0.0,73708.0,60.0,46.0,0.86,0,8.81
2017-03-01,7764531.0,446140.0,25882246.0,0.0,40051.0,59.0,45.9,3.17,0,9.0
2017-04-01,6361685.0,367327.0,18326452.0,0.0,15606.0,58.0,60.6,4.85,0,8.94
2017-05-01,6551127.0,453022.0,21759753.0,0.0,113112.0,59.0,63.4,7.52,0,9.04
2017-06-01,8517228.0,503039.0,32368393.0,0.0,135284.0,64.0,71.2,3.41,0,9.26
2017-07-01,9371247.0,679473.0,35547034.0,0.0,47818.0,63.0,76.8,4.13,0,9.7
2017-08-01,8960912.0,610716.0,33382052.0,0.0,62296.0,65.0,72.8,4.66,0,9.6
2017-09-01,6906109.0,191265.0,30126120.0,0.0,48622.0,59.0,67.4,2.03,0,9.32
2017-10-01,5960840.0,202195.0,20113890.0,0.0,113294.0,63.0,60.2,4.5,0,9.3
2017-11-01,7385952.0,314538.0,26153843.0,0.0,57642.0,72.0,46.1,1.36,0,9.07
2017-12-01,7870806.0,397148.0,27674110.0,0.0,117079.0,96.0,37.2,1.11,0,9.02
2018-01-01,9301222.0,664548.0,28969026.0,0.0,871058.0,84.0,31.8,2.67,0,9.41
2018-02-01,7652991.0,228388.0,29967186.0,0.0,22074.0,71.0,45.2,4.35,0,9.49
2018-03-01,7587463.0,416651.0,28491423.0,0.0,25763.0,65.0,41.2,3.17,0,9.4
2018-04-01,5967177.0,354880.0,20468291.0,0.0,48060.0,65.0,52.2,4.43,0,9.37
2018-05-01,7109308.0,385095.0,27322831.0,0.0,102825.0,62.0,69.7,7.27,0,9.37
2018-06-01,8688579.0,310063.0,35482929.0,0.0,202339.0,63.0,73.1,5.96,0,9.72
2018-07-01,9122604.0,494171.0,36993411.0,0.0,52653.0,65.0,75.1,5.39,0,9.76
2018-08-01,9468988.0,536845.0,38051913.0,0.0,56022.0,64.0,75.2,5.81,0,9.76
2018-09-01,8432940.0,287676.0,35210250.0,0.0,62614.0,59.0,72.8,7.96,0,9.48
2018-10-01,6152152.0,102882.0,21805591.0,0.0,95954.0,60.0,59.0,5.08,0,9.28
2018-11-01,7240161.0,392595.0,28177646.0,0.0,107829.0,61.0,43.8,6.08,0,9.33
2018-12-01,8785537.0,390738.0,33114084.0,0.0,96431.0,63.0,39.7,5.36,0,9.3
2019-01-01,8903311.0,199844.0,35862972.0,0.0,87460.0,57.0,36.3,3.52,0,9.51
2019-02-01,8233187.0,92692.0,35077099.0,0.0,19719.0,58.0,41.8,5.23,0,9.54
2019-03-01,7581236.0,126556.0,33286211.0,0.0,28963.0,58.0,43.9,3.31,0,9.49
2019-04-01,6537274.0,80549.0,25357128.0,0.0,17141.0,60.0,58.1,4.16,0,9.49
2019-05-01,6867580.0,128608.0,25440966.0,0.0,21102.0,62.0,68.9,3.6,0,9.5
2019-06-01,9020859.0,211383.0,39211179.0,0.0,31698.0,64.0,71.2,5.81,0,9.69
2019-07-01,10342197.0,335465.0,47138892.0,0.0,62764.0,64.0,77.1,4.51,0,9.71
2019-08-01,9969493.0,270102.0,44990376.0,0.0,154264.0,64.0,74.7,3.43,0,9.63
2019-09-01,7961358.0,90592.0,37369892.0,0.0,36584.0,59.0,72.5,0.94,0,9.31
2019-10-01,6241486.0,31609.0,25748360.0,0.0,27269.0,56.0,60.6,5.63,0,9.28
2019-11-01,6497568.0,168024.0,27485035.0,0.0,29560.0,62.0,43.1,2.48,0,9.44
2019-12-01,8672090.0,45129.0,37967101.0,0.0,26690.0,58.0,41.5,3.38,0,9.53
2020-01-01,9629808.0,141901.0,42140928.0,0.0,28754.0,61.0,40.6,3.55,0,9.42
2020-02-01,8689300.0,121132.0,37578318.0,0.0,16158.0,67.0,42.5,5.01,0,9.43
2020-03-01,9022899.0,85530.0,38935830.0,0.0,18523.0,76.0,51.7,2.93,1,9.42
2020-04-01,7956985.0,76529.0,35032497.0,0.0,10936.0,70.0,53.3,5.98,1,9.48
2020-05-01,7691091.0,1834.0,36518245.0,0.0,27641.0,67.0,60.4,4.87,1,9.22
2020-06-01,8576532.0,101926.0,38982739.0,0.0,45454.0,71.0,71.3,5.13,1,9.46
2020-07-01,10938002.0,531996.0,48961013.0,0.0,76946.0,72.0,78.7,4.07,1,9.53
2020-08-01,10066339.0,336033.0,45822538.0,0.0,78779.0,72.0,75.5,8.2,1,9.5
2020-09-01,7691990.0,69319.0,36587665.0,0.0,69386.0,67.0,66.4,6.31,1,9.12
2020-10-01,7007291.0,27096.0,32076827.0,0.0,32886.0,69.0,59.0,5.07,1,8.77
2020-11-01,6938746.0,93992.0,25479817.0,0.0,54436.0,69.0,51.3,5.15,1,8.83
2020-12-01,8847200.0,284981.0,34488484.0,0.0,65623.0,75.0,38.4,5.14,1,9.12
